State,PC Name,Male Electors,Male Voters,Female Electors,Female Voters,Total Electors,Total Voters
Andaman & Nicobar Islands,1 - Andaman & Nicobar Islands,142782,101178,126578,89150,269360,190328
Andhra Pradesh,1 - Adilabad ,687389,519364,698844,526475,1386233,1045839
Andhra Pradesh,2 - Peddapalle ,725767,520598,699594,501586,1425361,1022184
Andhra Pradesh,3 - Karimnagar ,777458,552489,773376,573202,1550834,1125691
Andhra Pradesh,4 - Nizamabad,724504,469712,771689,564212,1496193,1033924
Andhra Pradesh,5 - Zahirabad,717811,546746,727435,548060,1445246,1094806
Andhra Pradesh,6 - Medak,775903,606863,760812,584233,1536715,1191096
Andhra Pradesh,7 - Malkajgiri,1723413,878093,1459912,742304,3183325,1620397
Andhra Pradesh,8 - Secundrabad,1012378,545749,881269,458020,1893647,1003769
Andhra Pradesh,9 - Hyderabad,961290,526510,862374,444911,1823664,971421
Andhra Pradesh,10 - CHELVELLA,1153049,696749,1032130,619113,2185179,1315862
Andhra Pradesh,11 - Mahbubnagar,709711,511764,708961,503036,1418672,1014800
Andhra Pradesh,12 - Nagarkurnool,745038,570342,732300,538626,1477338,1108968
Andhra Pradesh,13 - Nalgonda,747281,602193,748299,587206,1495580,1189399
Andhra Pradesh,14 - Bhongir ,756963,622333,735288,589610,1492251,1211943
Andhra Pradesh,15 - Warangal,771756,592484,766025,582147,1537781,1174631
Andhra Pradesh,16 - Mahabubabad  ,688398,562073,698945,562297,1387343,1124370
Andhra Pradesh,17 - Khammam ,712329,588728,727960,594169,1440289,1182897
Andhra Pradesh,18 - Aruku ,622416,451350,650308,458264,1272724,909614
Andhra Pradesh,19 - Srikakulam,706828,505010,707161,546436,1413989,1051446
Andhra Pradesh,20 - Vizianagaram,700837,555005,703290,565311,1404127,1120316
Andhra Pradesh,21 - Visakhapatnam,875187,585270,847850,578288,1723037,1163558
Andhra Pradesh,22 - Anakapalli,689132,563818,712342,584254,1401474,1148072
Andhra Pradesh,23 - Kakinada,709101,558689,709189,541310,1418290,1099999
Andhra Pradesh,24 - Amalapuram ,682607,568534,675259,552393,1357866,1120927
Andhra Pradesh,25 - Rajahmundry,701707,577999,719581,576382,1421288,1154381
Andhra Pradesh,26 - Narsapuram,652668,539357,672475,549594,1325143,1088951
Andhra Pradesh,27 - Eluru ,706916,597603,720844,604093,1427760,1201696
Andhra Pradesh,28 - Machilipatnam ,675774,567908,693537,573157,1369311,1141065
Andhra Pradesh,29 - Vijayawada,781156,602198,783357,592877,1564513,1195075
Andhra Pradesh,30 - Guntur,773027,617483,798989,627443,1572016,1244926
Andhra Pradesh,31 - Narasaraopet,748465,638080,766396,643978,1514861,1282058
Andhra Pradesh,32 - Bapatla ,686482,587223,706483,597411,1392965,1184634
Andhra Pradesh,33 - Ongole ,736245,603025,734238,605200,1470483,1208225
Andhra Pradesh,34 - Nandyal,783266,603562,793862,601394,1577128,1204956
Andhra Pradesh,35 - Kurnool,738791,544802,743016,520930,1481807,1065732
Andhra Pradesh,36 - Anantapur,775509,612890,761403,592164,1536912,1205054
Andhra Pradesh,37 - Hindupur,734638,601932,711865,575325,1446503,1177257
Andhra Pradesh,38 - Kadapa,765036,588805,785543,611857,1550579,1200662
Andhra Pradesh,39 - Nellore,796583,593468,809557,594180,1606140,1187648
Andhra Pradesh,40 - Tirupati ,778778,604834,795766,608230,1574544,1213064
Andhra Pradesh,41 - Rajampet,735347,573019,752151,585298,1487498,1158317
Andhra Pradesh,42 - Chittoor ,723996,598259,728145,600656,1452141,1198915
Arunachal Pradesh,1 - ARUNACHAL WEST,219334,159978,227181,175687,446515,335665
Arunachal Pradesh,2 - ARUNACHAL EAST,160293,129313,152579,131978,312872,261291
Assam,1 - Karimganj ,615198,482484,550799,404436,1165997,886920
Assam,2 - Silchar,554540,428949,505635,370881,1060175,799830
Assam,3 - Autonomous District,358880,279409,343010,263871,701890,543280
Assam,4 - Dhubri,798124,709191,754430,660433,1552554,1369624
Assam,5 - Kokrajhar,776071,636657,729405,587212,1505476,1223869
Assam,6 - Barpeta,755559,634405,674616,571458,1430175,1205863
Assam,7 - Gauhati,988067,785494,934203,726235,1922270,1511729
Assam,8 - Mangaldoi,791539,651272,724137,581965,1515676,1233237
Assam,9 - Tezpur,654866,505643,604702,475045,1259568,980688
Assam,10 - Nowgong,792424,639392,731457,590682,1523881,1230074
Assam,11 - Kaliabor,752785,605292,705080,561198,1457865,1166490
Assam,12 - Jorhat,634236,483829,600212,447507,1234448,931336
Assam,13 - Dibrugarh,579657,462412,544648,428556,1124305,890968
Assam,14 - Lakhimpur,735263,572334,695731,539641,1430994,1111975
Bihar,1 - Valmiki Nagar,786297,484621,670279,415493,1456576,900114
Bihar,2 - Paschim Champaran,769352,469114,643721,385686,1413073,854800
Bihar,3 - Purvi Champaran,788561,442103,664402,380568,1452963,822671
Bihar,4 - Sheohar,794679,433416,695045,409478,1489724,842894
Bihar,5 - Sitamarhi,832370,449303,742544,451285,1574914,900588
Bihar,6 - Madhubani,877284,413878,750685,446575,1627969,860453
Bihar,7 - Jhanjharpur,884884,452082,765869,489167,1650753,941249
Bihar,8 - Supaul,796979,468183,728613,502345,1525592,970528
Bihar,9 - Araria,842884,492492,744464,483319,1587348,975811
Bihar,10 - Kishanganj,762877,471209,676113,457281,1438990,928490
Bihar,11 - Katihar,769044,495564,677434,482266,1446478,977830
Bihar,12 - Purnia,833610,511512,749357,506220,1582967,1017732
Bihar,13 - Madhepura,899271,508914,826307,525885,1725578,1034799
Bihar,14 - Darbhanga,797470,407047,697976,421295,1495446,828342
Bihar,15 - Muzaffarpur,830943,490954,720420,457933,1551363,948887
Bihar,16 - Vaishali,854781,482598,732421,443339,1587202,925937
Bihar,17 - Gopalganj (SC),861019,446731,791748,456852,1652767,903583
Bihar,18 - Siwan,841735,443867,722125,440154,1563860,884021
Bihar,19 - Maharajganj,882264,420364,762260,426290,1644524,846654
Bihar,20 - Saran,833361,450964,705383,412290,1538744,863254
Bihar,21 - Hajipur (SC),895047,478252,754500,426501,1649547,904753
Bihar,22 - Ujiarpur,768123,433926,660322,424994,1428445,858920
Bihar,23 - Samastipur (SC),805601,430736,697404,432463,1503005,863199
Bihar,24 - Begusarai,949825,546041,828934,531814,1778759,1077855
Bihar,25 - Khagaria,793168,445965,698900,450266,1492068,896231
Bihar,26 - Bhagalpur,895185,522657,790154,451359,1685339,974016
Bihar,27 - Banka,825010,461098,724446,438255,1549456,899353
Bihar,28 - Munger,921436,506184,775110,408166,1696546,914350
Bihar,29 - Nalanda,1036575,503097,915392,418664,1951967,921761
Bihar,30 - Patna Sahib,1052278,511447,893971,370815,1946249,882262
Bihar,31 - Pataliputra,934086,553915,801988,424734,1736074,978649
Bihar,32 - Arrah,1010040,516366,822292,376847,1832332,893213
Bihar,33 - Buxar,878312,493930,762255,394274,1640567,888204
Bihar,34 - Sasaram (SC),859397,474117,748350,372671,1607747,846788
Bihar,35 - Karakat,845707,453576,724282,336351,1569989,789927
Bihar,36 - Jahanabad,751585,443737,671661,367779,1423246,811516
Bihar,37 - Aurangabad,825574,430800,710579,355474,1536153,786274
Bihar,38 - Gaya (SC),790868,444510,709883,364868,1500751,809378
Bihar,39 - Nawada,887050,478217,788739,406224,1675789,884441
Bihar,40 - Jamui (SC),828406,415743,722530,359896,1550936,775639
Chandigarh,1 - CHANDIGARH,333621,244956,281593,208499,615214,453455
Chattisgarh,1 - SARGUJA,771303,610877,751769,576444,1523072,1187321
Chattisgarh,2 - RAIGARH,807353,630570,798471,615616,1605824,1246186
Chattisgarh,3 - JANJGIR-CHAMPA,890439,558677,847093,514670,1737532,1073347
Chattisgarh,4 - KORBA,725821,546046,693789,506674,1419610,1052720
Chattisgarh,5 - BILASPUR,889222,573253,838103,517204,1727325,1090457
Chattisgarh,6 - RAJNANDGAON,794427,601874,793668,576422,1588095,1178296
Chattisgarh,7 - DURG,945656,660504,910125,597838,1855781,1258342
Chattisgarh,8 - RAIPUR,979133,659070,925097,591775,1904230,1250845
Chattisgarh,9 - MAHASAMUND,757276,576917,758471,554292,1515747,1131209
Chattisgarh,10 - BASTAR,632814,387112,665245,382801,1298059,769913
Chattisgarh,11 - KANKER,722339,515793,725435,501150,1447774,1016943
Dadra & Nagar Haveli,1 - Dadar & Nagar Haveli,106215,87800,90402,77486,196617,165286
Daman & Diu,1 - Daman & diu,57011,42378,54816,44855,111827,87233
Goa,1 - North Goa,255870,200184,259571,206447,515441,406631
Goa,2 - South Goa,272438,195582,272898,214787,545336,410369
Gujarat,1 - Kachchh,806343,520905,727439,425335,1533782,946240
Gujarat,2 - Banaskantha,796124,513893,719587,372741,1515711,886634
Gujarat,3 - Patan,846195,529513,782446,426286,1628641,955799
Gujarat,4 - Mahesana,777821,544710,720398,459548,1498219,1004258
Gujarat,5 - Sabarkantha,833521,587807,782319,506195,1615840,1094002
Gujarat,6 - Gandhinagar,900744,620889,833228,514606,1733972,1135495
Gujarat,7 - Ahmedabad East,852765,560074,749067,425451,1601832,985525
Gujarat,8 - Ahmedabad West,800933,534008,733467,430601,1534400,964609
Gujarat,9 - Surendranagar,877745,542339,778912,402338,1656657,944677
Gujarat,10 - Rajkot,864760,593333,790957,463736,1655717,1057069
Gujarat,11 - Porbandar,807383,471495,731840,337938,1539223,809433
Gujarat,12 - Jamnagar,771004,486177,699948,366466,1470952,852643
Gujarat,13 - Junagadh,772017,516158,713526,425220,1485543,941378
Gujarat,14 - Amreli,777662,457547,708624,351269,1486286,808816
Gujarat,15 - Bhavnagar,834571,519525,759960,397877,1594531,917402
Gujarat,16 - Anand,781120,541176,715739,429718,1496859,970894
Gujarat,17 - Kheda,833232,542955,766244,412951,1599476,955906
Gujarat,18 - Panchmahal,820230,516017,756437,417444,1576667,933461
Gujarat,19 - Dahod,712184,469459,699581,430922,1411765,900381
Gujarat,20 - Vadodara,849077,625045,789244,536532,1638321,1161577
Gujarat,21 - Chhota Udaipur,798160,593192,738145,507350,1536305,1100542
Gujarat,22 - Bharuch,734861,564668,682687,495543,1417548,1060211
Gujarat,23 - Bardoli,829648,637345,784458,568834,1614106,1206179
Gujarat,24 - Surat,803829,539368,680239,408554,1484068,947922
Gujarat,25 - Navsari,972090,649206,792532,511541,1764622,1160747
Gujarat,26 - Valsad,775073,582311,736988,539892,1512061,1122203
Haryana,1 - Ambala,909708,667400,782519,551595,1692227,1218995
Haryana,2 - Kurukshetra,807700,618607,690759,517285,1498459,1135892
Haryana,3 - Sirsa,886303,692891,774254,586214,1660557,1279105
Haryana,4 - Hisar,825688,637718,691918,518196,1517606,1155914
Haryana,5 - Karnal,913321,666808,771000,526692,1684321,1193500
Haryana,6 - Sonipat,777824,551168,639364,434469,1417188,985637
Haryana,7 - Rohtak,850125,578351,717379,465980,1567504,1044331
Haryana,8 - Bhiwani-Mahendragarh,792166,559833,681746,470598,1473912,1030431
Haryana,9 - Gurgaon,984370,727397,861253,593222,1845623,1320619
Haryana,10 - Faridabad,969407,651411,770945,479315,1740352,1130726
Himachal Pradesh,1 - Kangra,645888,392927,612713,406518,1258601,799445
Himachal Pradesh,2 - Mandi,587833,377569,562575,348525,1150408,726094
Himachal Pradesh,3 - Hamirpur,633572,395804,614127,439401,1247699,835205
Himachal Pradesh,4 - Shimla,607137,403332,546226,334425,1153363,737757
Jammu & Kashmir,1 - Baramulla,624008,256249,566737,209743,1190745,465992
Jammu & Kashmir,2 - Srinagar,630716,178554,574517,133658,1205233,312212
Jammu & Kashmir,3 - Anantnag,684820,211582,616203,163697,1301023,375279
Jammu & Kashmir,4 - Ladakh,86259,58035,80504,59994,166763,118029
Jammu & Kashmir,5 - Udhampur,798910,557757,691334,484001,1490244,1041758
Jammu & Kashmir,6 - Jammu,977308,665407,870847,588186,1848155,1253593
Jharkhand,1 - Rajmahal,691254,491007,661918,460556,1353172,951563
Jharkhand,2 - Dumka,646885,466521,600270,436539,1247155,903060
Jharkhand,3 - Godda,825706,550327,764922,499115,1590628,1049442
Jharkhand,4 - Chatra,696514,383079,616031,329892,1312545,712971
Jharkhand,5 - Kodarma,870016,535513,769613,489393,1639629,1024906
Jharkhand,6 - Giridih,811986,531267,703151,438730,1515137,969997
Jharkhand,7 - Dhanbad,1032005,642644,857989,501258,1889994,1143902
Jharkhand,8 - Ranchi,868783,562894,779681,486889,1648464,1049783
Jharkhand,9 - Jamshedpur,811632,548176,770033,500964,1581665,1049140
Jharkhand,10 - Singhbhum,583444,403528,569126,391758,1152570,795286
Jharkhand,11 - Khunti,565544,373120,546308,363835,1111852,736955
Jharkhand,12 - Lohardaga,578883,333938,540261,317522,1119144,651460
Jharkhand,13 - Palamau,890010,523454,755947,453869,1645957,977323
Jharkhand,14 - Hazaribagh,812487,515008,706344,452144,1518831,967152
Karnataka,1 - Chikkodi,746113,564257,696183,506846,1442296,1071103
Karnataka,2 - Belgaum,807598,570120,773419,508427,1581017,1078547
Karnataka,3 - Bagalkot,793338,561781,775282,517529,1568620,1079310
Karnataka,4 - Bijapur,847815,521565,774820,445192,1622635,966757
Karnataka,5 - Gulbarga,878311,523062,843679,474576,1721990,997638
Karnataka,6 - Raichur,835969,508764,825637,460125,1661606,968889
Karnataka,7 - Bidar,839154,506363,761808,453021,1600962,959384
Karnataka,8 - Koppal,770316,526001,764789,480507,1535105,1006508
Karnataka,9 - Bellary,750789,542128,737156,503644,1487945,1045772
Karnataka,10 - Haveri,807076,595257,751673,520711,1558749,1115968
Karnataka,11 - Dharwad,809486,562991,769538,478235,1579024,1041226
Karnataka,12 - Uttara Kannada,742865,521541,707734,479497,1450599,1001038
Karnataka,13 - Davanagere,772126,581292,750586,533576,1522712,1114868
Karnataka,14 - Shimoga,778767,572407,783474,556601,1562241,1129008
Karnataka,15 - Udupi Chikmagalur,679286,511470,708009,522638,1387295,1034108
Karnataka,16 - Hassan,789668,586090,771668,561082,1561336,1147172
Karnataka,17 - Dakshina Kannada,774500,595647,790781,611827,1565281,1207474
Karnataka,18 - Chitradurga,844864,573250,816408,523249,1661272,1096499
Karnataka,19 - Tumkur,764561,565612,753957,535872,1518518,1101484
Karnataka,20 - Mandya,839052,604906,830210,587732,1669262,1192638
Karnataka,21 - Mysore,867893,598003,855241,561591,1723134,1159594
Karnataka,22 - Chamarajanagar,789383,585209,766396,547820,1555779,1133029
Karnataka,23 - Bangalore Rural,1135845,758619,1054552,696625,2190397,1455244
Karnataka,24 - Bangalore North,1260356,721638,1141116,635080,2401472,1356718
Karnataka,25 - Bangalore central,1010586,574475,921077,500114,1931663,1074589
Karnataka,26 - Bangalore South,1051316,597291,948566,516435,1999882,1113726
Karnataka,27 - Chikkballapur,843740,653492,814602,609782,1658342,1263274
Karnataka,28 - Kolar,755450,582601,737525,544722,1492975,1127323
Kerala,1 - Kasaragod,595047,459537,648683,514678,1243730,974215
Kerala,2 - Kannur,548454,439557,621812,507560,1170266,947117
Kerala,3 - Vadakara,561168,437556,621336,521786,1182504,959342
Kerala,4 - Wayanad,614822,454300,634598,460706,1249420,915006
Kerala,5 - Kozhikode,571709,457548,610775,485461,1182484,943009
Kerala,6 - Malappuram,598207,415980,600237,437487,1198444,853467
Kerala,7 - Ponnani,574106,405116,606683,466476,1180789,871592
Kerala,8 - Palakkad,587379,444510,621379,465812,1208758,910322
Kerala,9 - Alathur ,591950,452858,624401,474370,1216351,927228
Kerala,10 - Thrissur,606518,434202,668770,486303,1275288,920505
Kerala,11 - Chalakudy,565081,436712,585410,447321,1150491,884033
Kerala,12 - Ernakulam,565809,428565,590658,422269,1156467,850834
Kerala,13 - Idukki,578849,425049,579886,394717,1158735,819766
Kerala,14 - Kottayam,573571,426879,587892,404757,1161463,831636
Kerala,15 - Alappuzha,611877,477885,659447,519579,1271324,997464
Kerala,16 - Mavelikkara ,592702,416969,659966,472091,1252668,889060
Kerala,17 - Pathanamthitta,631495,425771,692411,443681,1323906,869452
Kerala,18 - Kollam,575296,408322,644119,470734,1219415,879056
Kerala,19 - Attingal,575780,396246,675618,463104,1251398,859350
Kerala,20 - Thiruvananthapuram,614438,434623,658310,438816,1272748,873439
Lakshadweep,1 - Lakshadweep,25433,21585,24489,21654,49922,43239
Madhya Pradesh,1 - MORENA,938466,538708,764026,315571,1702492,854279
Madhya Pradesh,2 - BHIND,890851,469603,707318,259481,1598169,729084
Madhya Pradesh,3 - GWALIOR,1024155,595934,852848,394978,1877003,990912
Madhya Pradesh,4 - GUNA,857328,581485,748291,395144,1605619,976629
Madhya Pradesh,5 - SAGAR,815357,536674,704827,355255,1520184,891929
Madhya Pradesh,6 - TIKAMGARH,820908,466689,708095,299632,1529003,766321
Madhya Pradesh,7 - DAMOH,882506,557919,768600,354161,1651106,912080
Madhya Pradesh,8 - KHAJURAHO,907312,517341,795482,357136,1702794,874477
Madhya Pradesh,9 - SATNA,772026,499928,686058,413516,1458084,913444
Madhya Pradesh,10 - REWA,821800,457663,722919,372339,1544719,830002
Madhya Pradesh,11 - SIDHI,915700,548026,820350,441370,1736050,989396
Madhya Pradesh,12 - SHAHDOL,806945,527939,754376,440579,1561321,968518
Madhya Pradesh,13 - JABALPUR,897949,558617,813734,443567,1711683,1002184
Madhya Pradesh,14 - MANDLA,925971,641915,898453,576603,1824424,1218518
Madhya Pradesh,15 - BALAGHAT,822667,571601,807102,541763,1629769,1113364
Madhya Pradesh,16 - CHHINDWARA,721482,584759,679795,522739,1401277,1107498
Madhya Pradesh,17 - HOSHANGABAD,835492,593957,732635,437218,1568127,1031175
Madhya Pradesh,18 - VIDISHA,872410,621326,761960,452147,1634370,1073473
Madhya Pradesh,19 - BHOPAL,1039004,639683,917932,490499,1956936,1130182
Madhya Pradesh,20 - RAJGARH,827001,598652,751747,412072,1578748,1010724
Madhya Pradesh,21 - DEWAS,843555,654121,773660,489847,1617215,1143968
Madhya Pradesh,22 - UJJAIN,790889,571525,734592,444880,1525481,1016405
Madhya Pradesh,23 - MANDSOUR,838076,640484,788495,520865,1626571,1161349
Madhya Pradesh,24 - RATLAM,860947,570248,841701,512433,1702648,1082681
Madhya Pradesh,25 - DHAR,858093,586865,810348,489951,1668441,1076816
Madhya Pradesh,26 - INDORE,1106461,736759,1008842,580058,2115303,1316817
Madhya Pradesh,27 - KHARGONE,866897,614411,836374,538114,1703271,1152525
Madhya Pradesh,28 - KHANDWA,912747,677574,846663,579753,1759410,1257327
Madhya Pradesh,29 - BETUL,836835,574150,770987,473569,1607822,1047719
Maharashtra,1 - Nandurbar ,852379,584580,820336,532096,1672715,1116676
Maharashtra,2 - Dhule,878610,543252,795859,439831,1674469,983083
Maharashtra,3 - Jalgaon,909027,594892,798906,395440,1707933,990332
Maharashtra,4 - Raver,842682,554159,750688,455054,1593370,1009213
Maharashtra,5 - Buldhana,845547,535993,750687,442633,1596234,978626
Maharashtra,6 - Akola,869922,544432,776541,434059,1646463,978491
Maharashtra,7 - Amravati ,848050,556250,763315,447811,1611365,1004061
Maharashtra,8 - Wardha,817514,554658,747039,458787,1564553,1013445
Maharashtra,9 - Ramtek ,887157,576939,790088,473377,1677245,1050316
Maharashtra,10 - Nagpur ,979995,579529,920792,505529,1900787,1085058
Maharashtra,11 - Bhandara - gondiya,841442,615957,814842,581239,1656284,1197196
Maharashtra,12 - Gadchiroli-Chimur,753927,537086,715840,490043,1469767,1027129
Maharashtra,13 - Chandrapur,921099,602923,832591,506820,1753690,1109743
Maharashtra,14 - Yavatmal-Washim,916049,585785,827449,447164,1743498,1032949
Maharashtra,15 - Hingoli ,839540,576774,746654,474390,1586194,1051164
Maharashtra,16 - Nanded,878553,549945,808504,463405,1687057,1013350
Maharashtra,17 - Parbhani,945899,637950,857893,524283,1803792,1162233
Maharashtra,18 - Jalna,866726,596359,745328,469900,1612054,1066259
Maharashtra,19 - Aurangabad,846023,554669,743370,428264,1589393,982933
Maharashtra,20 - Dindori ,808018,546989,722121,423193,1530139,970182
Maharashtra,21 - Nashik,850457,524572,742780,412833,1593237,937405
Maharashtra,22 - Palghar ,830432,532639,747645,459979,1578077,992618
Maharashtra,23 - Bhiwandi,945405,503035,751184,372570,1696589,875605
Maharashtra,24 - Kalyan,1045495,470781,876551,353415,1922046,824196
Maharashtra,25 - Thane,1142158,591189,931284,463000,2073442,1054189
Maharashtra,26 - Mumbai North,972645,527803,811225,418759,1783870,946562
Maharashtra,27 - Mumbai North West,986908,503191,788520,392326,1775428,895517
Maharashtra,28 - Mumbai North East,923016,485775,745341,375986,1668357,861761
Maharashtra,29 - Mumbai North central,967474,472265,771420,373027,1738894,845292
Maharashtra,30 - Mumbai South central,793801,424521,654084,344539,1447885,769060
Maharashtra,31 - Mumbai   South,828964,437435,656882,343280,1485846,780715
Maharashtra,32 - Raigad,752491,485586,780290,502180,1532781,987766
Maharashtra,33 - Maval,1035960,647176,917781,527159,1953741,1174335
Maharashtra,34 - Pune,949567,533686,886269,459588,1835836,993274
Maharashtra,35 - Baramati,960387,602604,853156,463952,1813543,1066556
Maharashtra,36 - Shirur,973236,613828,850876,475678,1824112,1089506
Maharashtra,37 - Ahmadnagar ,898819,595960,800589,466358,1699408,1062318
Maharashtra,38 - Shirdi,765921,520229,693791,412416,1459712,932645
Maharashtra,39 - Beed,963462,681038,829188,551164,1792650,1232202
Maharashtra,40 - Osmanabad,932838,612411,793955,505740,1726793,1118151
Maharashtra,41 - Latur ,897919,578053,784688,479103,1682607,1057156
Maharashtra,42 - Solapur ,893736,527346,809019,423855,1702755,951201
Maharashtra,43 - Madha,912736,595626,814572,483993,1727308,1079619
Maharashtra,44 - Sangli,861582,558707,787525,487952,1649107,1046659
Maharashtra,45 - Satara,884020,519692,835978,456989,1719998,976681
Maharashtra,46 - Ratnagiri - sindhudurg,665668,444364,701693,451892,1367361,896256
Maharashtra,47 - Kolhapur,909326,664298,848974,595991,1758300,1260289
Maharashtra,48 - Hatkanangle,850574,631647,780024,557224,1630598,1188871
Manipur,1 - Inner manipur,417122,306721,438237,334150,855359,640871
Manipur,2 - Outer manipur,454309,378706,464657,393060,918966,771766
Meghalaya,1 - Shillong,480409,292944,500331,327043,980740,619987
Meghalaya,2 - Tura ,297230,231830,289271,226241,586501,458071
Mizoram,1 - MIZORAM,346219,216167,355951,217034,702170,433201
Nagaland,1 - Nagaland,600490,529325,582458,509585,1182948,1038910
NCT OF Delhi,1 - CHANDNI CHOWK                 ,791317,550825,655911,431038,1447228,981863
NCT OF Delhi,2 - NORTH EAST DELHI              ,1079406,741003,878301,576335,1957707,1317338
NCT OF Delhi,3 - EAST DELHI                    ,1023325,676648,806253,519688,1829578,1196336
NCT OF Delhi,4 - NEW DELHI                     ,830322,546295,659825,423517,1490147,969812
NCT OF Delhi,5 - NORTH WEST DELHI              ,1212553,756939,981872,599097,2194425,1356036
NCT OF Delhi,6 - WEST DELHI                    ,1108886,743406,930524,604565,2039410,1347971
NCT OF Delhi,7 - SOUTH DELHI                   ,1005289,638406,747452,464004,1752741,1102410
Orissa,1 - Bargarh,751140,595911,679577,527390,1430717,1123301
Orissa,2 - Sundargarh ,718689,515665,691843,495046,1410532,1010711
Orissa,3 - Sambalpur,669036,505640,628062,478669,1297098,984309
Orissa,4 - Keonjhar ,691369,550822,655314,533047,1346683,1083869
Orissa,5 - Mayurbhanj ,670100,523329,657455,530070,1327555,1053399
Orissa,6 - Balasore,709342,531966,656876,517484,1366218,1049450
Orissa,7 - Bhadrak ,774566,537966,694932,543373,1469498,1081339
Orissa,8 - Jajpur ,696385,511297,607348,469138,1303733,980435
Orissa,9 - Dhenkanal,722328,551897,641139,490204,1363467,1042101
Orissa,10 - Bolangir,814968,605802,748057,564603,1563025,1170405
Orissa,11 - Kalahandi,750694,568938,723441,548598,1474135,1117536
Orissa,12 - Nabarangpur ,645875,512721,651335,509451,1297210,1022172
Orissa,13 - Kandhamal,582340,417777,561262,421638,1143602,839415
Orissa,14 - Cuttack,731918,522770,639699,455834,1371617,978604
Orissa,15 - Kendrapara ,828491,580768,726953,560231,1555444,1140999
Orissa,16 - Jagatsinghpur ,797923,588605,701750,543327,1499673,1131932
Orissa,17 - Puri,742939,540898,661642,498491,1404581,1039389
Orissa,18 - Bhubaneswar,835850,483992,691918,407830,1527768,891822
Orissa,19 - Aska,750999,449485,657781,446796,1408780,896281
Orissa,20 - Berhampur,680089,451051,654179,454311,1334268,905362
Orissa,21 - Koraput ,629268,485223,671169,504221,1300437,989444
Puducherry,1 - Puducherry,432048,351360,469309,388657,901357,740017
Punjab,1 - Gurdaspur,784477,532819,715860,509880,1500337,1042699
Punjab,2 - Amritsar,779164,537641,698098,469555,1477262,1007196
Punjab,3 - Khadoor Sahib,817062,536595,746194,503923,1563256,1040518
Punjab,4 - Jalandhar,808530,532246,742967,508516,1551497,1040762
Punjab,5 - Hoshiarpur,762065,473343,723221,487954,1485286,961297
Punjab,6 - Anandpur Sahib,817186,554256,747535,532307,1564721,1086563
Punjab,7 - Ludhiana,835632,600960,725569,499497,1561201,1100457
Punjab,8 - Fatehgarh Sahib,740390,551251,656567,479703,1396957,1030954
Punjab,9 - Faridkot,768206,548771,686869,483336,1455075,1032107
Punjab,10 - Firozpur,808857,590511,713254,514901,1522111,1105412
Punjab,11 - Bathinda,813119,627099,712170,549668,1525289,1176767
Punjab,12 - Sangrur,758197,583487,666546,515980,1424743,1099467
Punjab,13 - Patiala,834231,593646,746042,527287,1580273,1120933
Rajasthan,1 - Ganganagar,909749,681063,808672,575743,1718421,1256806
Rajasthan,2 - Bikaner,847064,526983,744004,402768,1591068,929751
Rajasthan,3 - Churu,928040,600164,825785,530940,1753825,1131104
Rajasthan,4 - Jhunjhunu,893354,524368,803434,482097,1696788,1006465
Rajasthan,5 - Sikar,944231,555682,826193,510068,1770424,1065750
Rajasthan,6 - Jaipur Rural,906275,554084,793187,459607,1699462,1013691
Rajasthan,7 - Jaipur,1047468,716874,910350,579932,1957818,1296806
Rajasthan,8 - Alwar,871339,587242,756728,475063,1628067,1062305
Rajasthan,9 - BHARATPUR,911069,548105,775828,414327,1686897,962432
Rajasthan,10 - KARAULI-DHOLPUR,845665,491661,703997,354280,1549662,845941
Rajasthan,11 - Dausa,814648,519866,709447,410626,1524095,930492
Rajasthan,12 - TONK-SAWAI MADHOPUR,910730,583685,800045,459355,1710775,1043040
Rajasthan,13 - Ajmer,869354,614697,813938,541617,1683292,1156314
Rajasthan,14 - Nagaur,886731,532331,791931,471688,1678662,1004019
Rajasthan,15 - Pali,994082,581099,898948,514488,1893030,1095587
Rajasthan,16 - Jodhpur,910466,600132,816897,478466,1727363,1078598
Rajasthan,17 - Barmer,895593,655642,781989,563477,1677582,1219119
Rajasthan,18 - Jalore,964047,581038,860921,506234,1824968,1087272
Rajasthan,19 - Udaipur,930007,601374,887933,591828,1817940,1193202
Rajasthan,20 - Banswara,863920,579152,828582,592036,1692502,1171188
Rajasthan,21 - Chittorgarh,928572,632047,889575,540582,1818147,1172629
Rajasthan,22 - Rajsamand,879526,508738,819875,473381,1699401,982119
Rajasthan,23 - Bhilwara,904030,581524,850847,522566,1754877,1104090
Rajasthan,24 - Kota,913386,634766,831153,520194,1744539,1154960
Rajasthan,25 - JHALAWAR-BARAN,868977,635659,800865,510705,1669842,1146364
Sikkim,1 - Sikkim,190886,158222,179725,150745,370611,308967
Tamil Nadu,1 - Thiruvallur ,852794,645535,850039,608905,1702833,1254440
Tamil Nadu,2 - Chennai North,707696,464795,714690,445319,1422386,910114
Tamil Nadu,3 - Chennai South,901207,552474,894573,528689,1795780,1081163
Tamil Nadu,4 - Chennai central,665278,422278,662749,392616,1328027,814894
Tamil Nadu,5 - Sriperumbudur,982862,666226,963641,620421,1946503,1286647
Tamil Nadu,6 - Kancheepuram ,736993,575483,743130,552916,1480123,1128399
Tamil Nadu,7 - Arakkonam,692883,543546,708662,545506,1401545,1089052
Tamil Nadu,8 - Vellore,652064,483973,660187,490797,1312251,974770
Tamil Nadu,9 - Krishnagiri,705468,545948,674489,522443,1379957,1068391
Tamil Nadu,10 - Dharmapuri,696496,567633,661777,533712,1358273,1101345
Tamil Nadu,11 - Tiruvannamalai,675321,529027,677645,538420,1352966,1067447
Tamil Nadu,12 - Arani,683921,548023,685747,548023,1369668,1096046
Tamil Nadu,13 - Viluppuram,694932,537023,692075,530618,1387007,1067641
Tamil Nadu,14 - Kallakurichi,707219,542991,705280,564250,1412499,1107241
Tamil Nadu,15 - Salem,759981,593783,738369,556513,1498350,1150296
Tamil Nadu,16 - Namakkal,661113,526519,668439,532236,1329552,1058755
Tamil Nadu,17 - Erode,656659,511553,664736,497029,1321395,1008582
Tamil Nadu,18 - Tiruppur,697730,543998,677859,506192,1375589,1050190
Tamil Nadu,19 - Nilgiris ,629731,473163,639432,459913,1269163,933076
Tamil Nadu,20 - Coimbatore,869034,608666,851177,567954,1720211,1176620
Tamil Nadu,21 - Pollachi,686943,514739,694562,497928,1381505,1012667
Tamil Nadu,22 - Dindigul,696160,538540,704371,544824,1400531,1083364
Tamil Nadu,23 - Karur,641693,511860,656629,534674,1298322,1046534
Tamil Nadu,24 - Tiruchirappalli,689228,492050,697912,496200,1387140,988250
Tamil Nadu,25 - Perambalur,634285,500157,651149,530669,1285434,1030826
Tamil Nadu,26 - Cuddalore ,625652,486263,622256,498275,1247908,984538
Tamil Nadu,27 - Chidambaram ,686864,531368,679325,557055,1366189,1088423
Tamil Nadu,28 - Mayiladuthurai,679940,503949,670378,521589,1350318,1025538
Tamil Nadu,29 - Nagapattinam ,606339,454047,604287,488155,1210626,942202
Tamil Nadu,30 - Thanjavur,662576,482240,677474,530018,1340050,1012258
Tamil Nadu,31 - Sivaganga,704489,475004,707884,552032,1412373,1027036
Tamil Nadu,32 - Madurai,717175,486336,724259,492010,1441434,978346
Tamil Nadu,33 - Theni ,720709,529187,720593,546396,1441302,1075583
Tamil Nadu,34 - Virudhunagar,669589,497074,680906,513856,1350495,1010930
Tamil Nadu,35 - Ramanathapuram,731467,465888,724424,535160,1455891,1001048
Tamil Nadu,36 - Thoothukkudi,651366,449405,659231,467373,1310597,916778
Tamil Nadu,37 - Tenkasi ,688958,490748,693123,527190,1382081,1017938
Tamil Nadu,38 - Tirunelveli,705592,469328,714843,493002,1420435,962330
Tamil Nadu,39 - Kanniyakumari,743378,489129,724418,501613,1467796,990742
Tripura,1 - Tripura West,635976,546566,612574,526183,1248550,1072749
Tripura,2 - Tripura East,581599,489156,558670,461954,1140269,951110
Uttar Pradesh,1 - Saharanpur,873318,653286,735515,541022,1608833,1194308
Uttar Pradesh,2 - Kairana,840623,618538,691132,500786,1531755,1119324
Uttar Pradesh,3 - Muzaffarnagar,875186,620606,713297,486828,1588483,1107434
Uttar Pradesh,4 - Bijnor,848606,577146,713459,483200,1562065,1060346
Uttar Pradesh,5 - Nagina,795554,484006,697857,458190,1493411,942196
Uttar Pradesh,6 - Moradabad,961962,627713,810084,500252,1772046,1127965
Uttar Pradesh,7 - Rampur,872084,526970,744900,429419,1616984,956389
Uttar Pradesh,8 - Sambhal,931603,600271,761642,456731,1693245,1057002
Uttar Pradesh,9 - Amroha,829446,589901,714796,505959,1544242,1095860
Uttar Pradesh,10 - Meerut,971956,632847,792432,480537,1764388,1113384
Uttar Pradesh,11 - Baghpat,850681,582774,654494,421489,1505175,1004263
Uttar Pradesh,12 - Ghaziabad,1333051,782170,1024495,560150,2357546,1342320
Uttar Pradesh,13 - Gautam Buddha Nagar,1105855,690761,880262,508477,1986117,1199238
Uttar Pradesh,14 - Bulandshahr,930831,549484,805616,460226,1736447,1009710
Uttar Pradesh,15 - Aligarh,965995,596785,827131,467572,1793126,1064357
Uttar Pradesh,16 - Hathras,969908,596931,789019,452342,1758927,1049273
Uttar Pradesh,17 - Mathura,931615,619091,750645,457777,1682260,1076868
Uttar Pradesh,18 - Agra,1003777,622009,810962,448391,1814739,1070400
Uttar Pradesh,19 - Fatehpur Sikri,877271,565971,703311,401997,1580582,967968
Uttar Pradesh,20 - Firozabad,902514,643433,734224,461173,1636738,1104606
Uttar Pradesh,21 - Mainpuri,900568,580173,752497,419092,1653065,999265
Uttar Pradesh,22 - Etah,856974,520292,720483,405989,1577457,926281
Uttar Pradesh,23 - Badaun,978040,595491,791105,432103,1769145,1027594
Uttar Pradesh,24 - Aonla,917060,572792,736517,422849,1653577,995641
Uttar Pradesh,25 - Bareilly,911410,575414,752671,442477,1664081,1017891
Uttar Pradesh,26 - Pilibhit,903420,586205,767731,464342,1671151,1050547
Uttar Pradesh,27 - Shahjahanpur,1100020,664459,879274,465382,1979294,1129841
Uttar Pradesh,28 - Kheri,904863,606301,774603,471567,1679466,1077868
Uttar Pradesh,29 - Dhaurahra,846798,605309,711241,454962,1558039,1060271
Uttar Pradesh,30 - Sitapur,837981,582088,712282,444884,1550263,1026972
Uttar Pradesh,31 - Hardoi,939831,565543,774556,407351,1714387,972894
Uttar Pradesh,32 - Misrikh,948290,590503,777295,407811,1725585,998314
Uttar Pradesh,33 - Unnao,1194396,674580,969996,527023,2164392,1201603
Uttar Pradesh,34 - Mohanlalganj,995313,638688,842881,477900,1838194,1116588
Uttar Pradesh,35 - Lucknow,1052171,582227,897785,451556,1949956,1033783
Uttar Pradesh,36 - Rae Bareli,857875,437735,737079,387401,1594954,825136
Uttar Pradesh,37 - Amethi,890595,461365,779248,413260,1669843,874625
Uttar Pradesh,38 - Sultanpur,910349,499378,793349,465603,1703698,964981
Uttar Pradesh,39 - Pratapgarh,923668,457693,792957,436763,1716625,894456
Uttar Pradesh,40 - Farrukhabad,891934,560566,721847,410111,1613781,970677
Uttar Pradesh,41 - Etawah,938271,530688,768966,408916,1707237,939604
Uttar Pradesh,42 - Kannauj,1000007,629781,808882,484679,1808889,1114460
Uttar Pradesh,43 - Kanpur,889345,485765,721903,349314,1611248,835079
Uttar Pradesh,44 - Akbarpur,977662,559901,790961,411474,1768623,971375
Uttar Pradesh,45 - Jalaun,1045684,579206,857648,529960,1903332,1109166
Uttar Pradesh,46 - Jhansi,1034085,734103,897930,586701,1932015,1320804
Uttar Pradesh,47 - Hamirpur,949328,548768,788665,426472,1737993,975240
Uttar Pradesh,48 - Banda,884813,474053,717104,384273,1601917,858326
Uttar Pradesh,49 - Fatehpur,985922,575050,818855,481638,1804777,1056688
Uttar Pradesh,50 - Kaushambi,955324,491057,783670,418981,1738994,910038
Uttar Pradesh,51 - Phulpur,1063897,541728,849377,418613,1913274,960341
Uttar Pradesh,52 - Allahabad,917403,507043,749166,384539,1666569,891582
Uttar Pradesh,53 - Barabanki,925946,611206,795336,456962,1721282,1068168
Uttar Pradesh,54 - Faizabad,936036,558096,802665,464620,1738701,1022716
Uttar Pradesh,55 - Ambedkar Nagar,923553,541200,795221,493204,1718774,1034404
Uttar Pradesh,56 - Bahraich,882776,522627,755869,411636,1638645,934263
Uttar Pradesh,57 - Kaiserganj,928269,527337,783698,416020,1711967,943357
Uttar Pradesh,58 - Shrawasti,976415,559177,811665,420461,1788080,979638
Uttar Pradesh,59 - Gonda,935168,488241,775659,385491,1710827,873732
Uttar Pradesh,60 - Domariyaganj,961957,490141,799458,444886,1761415,935027
Uttar Pradesh,61 - Basti,1022508,549746,825105,498788,1847613,1048534
Uttar Pradesh,62 - Sant Kabir Nagar,1045430,520999,858897,490650,1904327,1011649
Uttar Pradesh,63 - Maharajganj,946234,547576,796897,508502,1743131,1056078
Uttar Pradesh,64 - Gorakhpur,1055476,569717,849022,470482,1904498,1040199
Uttar Pradesh,65 - Kushi Nagar,930637,505827,750355,444618,1680992,950445
Uttar Pradesh,66 - Deoria,997314,508610,809612,462947,1806926,971557
Uttar Pradesh,67 - Bansgaon,979644,459744,780466,418133,1760110,877877
Uttar Pradesh,68 - Lalganj,906751,456696,754732,441959,1661483,898655
Uttar Pradesh,69 - Azamgarh,941548,504787,761674,455431,1703222,960218
Uttar Pradesh,70 - Ghosi,1040034,547483,851079,492173,1891113,1039656
Uttar Pradesh,71 - Salempur,904632,450367,757105,404382,1661737,854749
Uttar Pradesh,72 - Ballia,973384,573053,794887,369158,1768271,942211
Uttar Pradesh,73 - Jaunpur,1002938,527542,845904,479601,1848842,1007143
Uttar Pradesh,74 - Machhlishahr,1026789,513121,865180,484781,1891969,997902
Uttar Pradesh,75 - Ghazipur,983352,529153,818167,457520,1801519,986673
Uttar Pradesh,76 - Chandauli,927629,546179,741511,434393,1669140,980572
Uttar Pradesh,77 - Varanasi,986224,594293,781262,436392,1767486,1030685
Uttar Pradesh,78 - Bhadohi,1016000,527290,818598,454262,1834598,981552
Uttar Pradesh,79 - Mirzapur,938504,557621,782157,450006,1720661,1007627
Uttar Pradesh,80 - Robertsganj,901163,497152,738398,388721,1639561,885873
Uttarakhand,1 - Tehri Garhwal,712039,403088,640806,373126,1352845,776214
Uttarakhand,2 - Garhwal,652891,323143,616192,358881,1269083,682024
Uttarakhand,3 - Almora,640059,312965,614269,343560,1254328,656525
Uttarakhand,4 - Nainital-udhamsingh Nagar,857781,590700,753029,510735,1610810,1101435
Uttarakhand,5 - Hardwar,888328,638871,754545,536821,1642873,1175692
West Bengal,1 - Cooch behar,848649,688855,764768,643554,1613417,1332409
West Bengal,2 - Alipurduars,755765,619981,715146,603585,1470911,1223566
West Bengal,3 - Jalpaiguri,795704,676450,735765,625667,1531469,1302117
West Bengal,4 - Darjeeling,737184,587678,699942,554331,1437126,1142009
West Bengal,5 - Raiganj,724014,564181,663512,544012,1387526,1108193
West Bengal,6 - Balurghat,653848,549173,600649,513880,1254497,1063053
West Bengal,7 - Maldaha Uttar,740749,579515,684679,583470,1425428,1162985
West Bengal,8 - Maldaha Dakshin,692386,546640,654757,545767,1347143,1092407
West Bengal,9 - Jangipur,714890,559542,676766,559542,1391656,1119084
West Bengal,10 - Baharampur,752943,579487,700840,575100,1453783,1154587
West Bengal,11 - Murshidabad,782286,652896,729812,634867,1512098,1287763
West Bengal,12 - Krishnanagar,769981,639431,706802,608483,1476783,1247914
West Bengal,13 - Ranaghat,831318,693242,771531,659954,1602849,1353196
West Bengal,14 - Bangaon,796650,661484,744063,622204,1540713,1283688
West Bengal,15 - Barrackpore,682366,567820,604856,483310,1287222,1051130
West Bengal,16 - Dum dum,715569,591353,690412,541291,1405981,1132644
West Bengal,17 - Barasat,774305,665637,738487,603694,1512792,1269331
West Bengal,18 - Basirhat,777768,677519,712828,596252,1490596,1273771
West Bengal,19 - Joynagar,757902,631335,700822,554717,1458724,1186052
West Bengal,20 - Mathurapur,772279,659848,716505,605683,1488784,1265531
West Bengal,21 - Diamond harbour,816259,683496,739655,577800,1555914,1261296
West Bengal,22 - Jadavpur,811441,666972,784305,605390,1595746,1272362
West Bengal,23 - Kolkata Dakshin,890251,627205,795045,540774,1685296,1167979
West Bengal,24 - Kolkata Uttar,797437,535236,636548,420542,1433985,955778
West Bengal,25 - Howrah,802653,621783,702446,503616,1505099,1125399
West Bengal,26 - Uluberia,761951,628832,686681,557195,1448632,1186027
West Bengal,27 - Srerampur,847931,681607,776107,608826,1624038,1290433
West Bengal,28 - Hooghly,836584,697366,793458,651504,1630042,1348870
West Bengal,29 - Arambagh,833629,707525,766664,654409,1600293,1361934
West Bengal,30 - Tamluk,796779,685563,730494,652121,1527273,1337684
West Bengal,31 - Kanthi,777345,664251,713064,626560,1490409,1290811
West Bengal,32 - Ghatal,835803,691145,774686,675564,1610489,1366709
West Bengal,33 - Jhargram,753840,646539,721272,611074,1475112,1257613
West Bengal,34 - Medinipur,770363,647026,729310,613006,1499673,1260032
West Bengal,35 - Purulia,764758,627033,707175,577642,1471933,1204675
West Bengal,36 - Bankura,775893,645606,727919,590713,1503812,1236319
West Bengal,37 - Bishnupur,759317,667837,707604,604233,1466921,1272070
West Bengal,38 - Bardhaman Purba,795545,683049,736699,637873,1532244,1320922
West Bengal,39 - Burdwan - durgapur,821377,700899,762121,630343,1583498,1331242
West Bengal,40 - Asansol,791896,633230,677788,509165,1469684,1142395
West Bengal,41 - Bolpur,798384,681996,740045,622760,1538429,1304756
West Bengal,42 - Birbhum,773457,670443,721651,605376,1495108,1275819
